1
57
63
117
205
208
245
258
259
280
312
318
332
342
387
409
527
554
656
669
675
715
749
806
843
1041
1054
1066
1135
1232
1280
1368
1531
1568
1664
1686
1717
1792
1796
1863
1880
2000
2003
2009
2022
2106
2170
2199
2221
2223
2244
2261
2279
2281
2333
2337
2344
2490
2553
2563
2612
2716
2717
2764
2780
2798
2829
2883
2989
3020
3032
3037
3039
3102
3214
3279
3280
3287
3320
3343
3459
3540
3554
3569
3585
3669
3730
3746
3942
4008
4055
4090
4159
4162
4207
4226
4285
4400
4430
4477
4482
4493
4500
4517
4564
4585
4615
4967
5007
5044
5158
5364
5475
5573
5585
5664
5688
5705
5746
5885
5904
5982
6025
6035
6097
6179
6202
6325
6349
6378
6405
6498
6530
6576
6600
6661
6667
6668
6771
6803
6845
6870
6888
6892
6893
7033
7086
7151
7252
7291
7304
7322
7350
7369
7438
7466
7473
7485
7504
7543
7556
7560
7628
7684
7703
7786
7889
8005
8130
8139
8377
8522
8610
8624
8637
8643
8682
8759
8760
8891
8953
8970
8981
9083
9111
9168
9292
9462
9504
9550
9565
9576
9581
9602
9668
9690
9763
9780
9821
9906
9932
10047
10055
10080
10124
10167
10268
10275
10350
10390
10402
10414
10437
10523
10643
10673
10702
10732
10799
10809
10858
10867
10978
10985
11068
11206
11225
11270
11693
11738
11757
11793
11832
11843
11854
11855
11897
11920
11923
11942
11977
12061
12194
12253
12316
12332
12405
12443
12448
12573
12578
12583
12611
12661
12674
12694
12733
12750
12802
12930
13077
13119
13136
13305
13365
13390
13487
13602
13610
13719
13728
13735
13736
13749
13772
13879
13891
13958
14012
14043
14193
14212
14369
14398
14401
14414
14620
14700
14735
14736
14805
14867
14986
15002
15032
15212
15266
15407
15495
15511
15574
15643
15711
15768
15811
15832
16004
16053
16126
16147
16154
16188
16197
16238
16266
16301
16363
16402
16406
16493
16520
16636
16739
16790
16793
16844
16912
16965
17033
17126
17148
17153
17203
17296
17377
17446
17507
17513
17837
17850
17851
17916
17937
18011
18080
18197
18219
18318
18339
18349
18367
18374
18403
18480
18485
18552
18655
18738
18757
18820
18830
18958
19035
19064
19248
19311
19437
19608
19670
19672
19708
19919
19944
19952
19959
19978
19982
20066
20115
20168
20210
20214
20236
20330
20364
20375
20395
20530
20539
20577
20608
20679
20774
20779
20799
20849
20889
20941
20950
20992
21083
21124
21304
21362
21606
21627
21915
22042
22046
22239
22288
22301
22313
22390
22392
22479
22517
22533
22538
22543
22689
22734
22970
22975
23002
23312
23317
23356
23484
23561
23614
23680
23877
23913
24074
24111
24128
24245
24373
24389
24459
24494
24613
24642
24744
24784
24789
24896
24920
24951
24961
24962
24976
24991
25017
25024
25036
25053
25095
25150
25183
25218
25347
25378
25397
25464
25742
25884
25890
25921
25952
26045
26151
26189
26313
26364
26450
26464
26475
26648
26669
26756
26849
26878
26930
27137
27158
27164
27304
27421
27482
27503
27608
27735
27763
27845
27901
28061
28070
28141
28276
28299
28359
28427
28464
28471
28490
28532
28564
28695
28742
28750
29148
29156
29269
29440
29442
29451
29462
29477
29513
29557
29591
29658
29748
29753
29777
29797
29906
29949
30018
30173
30251
30332
30392
30422
30443
30508
30584
30605
30608
30625
30791
30822
30857
30861
30890
31133
31239
31244
31282
31307
31443
31456
31467
31534
31597
31628
31637
31708
31742
31818
31829
31948
32001
32041
32161
32196
32378
32595
32609
32641
32786
32872
32932
33000
33068
33093
33150
33164
33181
33361
33362
33379
33392
33400
33515
33535
33542
33552
33705
33947
33982
34013
34058
34103
34134
34154
34192
34194
34337
34428
34462
34539
34547
34556
34659
34681
34759
34876
34956
35044
35229
35322
35379
35513
35547
35605
35645
35658
35720
35727
35739
35746
35786
35827
35892
35994
36065
36068
36078
36102
36141
36199
36231
36309
36328
36361
36403
36456
36470
36499
36563
36583
36616
36619
36689
36843
36888
37200
37215
37252
37409
37444
37529
37684
37779
37845
37961
37965
38032
38161
38248
38267
38477
38478
38496
38509
38592
38725
38930
38986
39144
39233
39349
39375
39427
39429
39484
39560
39610
39632
39638
39664
39830
39939
40019
40088
40320
40355
40370
40580
40679
40718
40819
40973
40977
41047
41129
41142
41163
41200
41206
41337
41521
41522
41548
41554
41556
41701
41794
41802
41845
41914
42013
42025
42135
42179
42181
42256
42374
42567
42570
42638
42826
42869
42891
43156
43404
43410
43437
43565
43594
43828
43991
44172
44208
44304
44490
44611
44825
44878
44980
45000
45115
45194
45211
45524
45596
45672
45689
45755
45764
45790
45793
45826
45857
46214
46288
46294
46330
46360
46700
46778
46782
46853
46918
46941
47096
47205
47249
47274
47316
47415
47482
47483
47487
47534
47573
47721
47933
48115
48116
48224
48227
48245
48268
48298
48389
48545
48546
48657
48697
48764
48928
48954
49326
49480
49652
49716
49804
49948
50034
50231
50526
50551
50649
50695
51167
51222
51269
51385
51750
51793
51802
52074
52115
52130
52296
52336
52449
52450
52472
52500
52521
52572
52628
52713
52765
52854
52992
53147
53278
53416
53548
53572
53690
53710
53781
53964
54044
54431
54446
54475
54709
54843
54944
55061
55221
55494
55558
55621
55642
55767
55956
55987
56000
56048
56312
56332
56405
56503
56658
56672
56752
56754
56797
56828
56880
56945
56978
57202
57378
57421
57447
57519
57701
57775
58247
58438
58457
58473
58610
58691
58728
58785
58894
59000
59029
59276
59335
59415
59442
59470
59577
60047
60173
60195
60257
60396
60505
60581
60680
60862
60868
60899
60910
61012
61084
61191
61222
61233
61318
61448
61552
61654
61669
61890
61921
62006
62009
62076
62095
62281
62318
62671
62787
62815
62895
62925
63006
63152
63218
63244
63267
63398
63495
63700
63750
63806
64086
64387
64446
64458
64537
64568
64733
64795
64803
64929
64987
64989
64994
65025
65234
65412
65468
65547
65592
65858
65886
66106
66192
66193
66353
66384
66494
66524
66597
66598
66635
66709
66833
67258
67301
67343
67553
67585
67610
67671
67688
67697
67723
67841
67844
67999
68020
68035
68155
68178
68256
68346
68467
68514
68769
68797
68887
69034
69102
69246
69324
69487
69493
69556
69604
69668
69684
69882
70000
70036
70103
70107
70164
70393
70484
70689
70828
70888
71188
71211
71244
71550
71558
71657
71664
71886
71951
71958
72058
72068
72131
72268
72670
72695
73235
73452
73564
73601
73668
73676
73747
73998
74015
74273
74496
74612
74663
74747
75034
75122
75192
75386
75618
75648
75651
75720
75781
75893
75898
75993
76185
76198
76430
76580
76712
77192
77196
77425
77478
77521
77543
77838
78110
78196
78356
78371
78599
78638
78821
79057
79562
79816
80058
80104
80311
80691
80831
80908
81042
81213
81342
81362
81783
82064
82104
82999
83080
83313
83375
83544
83686
83845
83858
83901
83902
84150
84363
84438
84661
84736
85063
85097
85102
85451
85886
86020
86340
86379
86799
86848
86958
87252
87328
87808
88054
88136
88204
88235
88254
88336
88523
88575
88613
88676
88947
89223
89341
89940
90098
90372
90387
90414
90624
90829
91166
91197
91288
91342
91496
91527
91663
91753
91783
91975
92512
93607
94265
94791
94815
94949
95118
96614
96653
96721
96823
96915
97760
98022
98141
98339
98349
99256
99411
99412
99413
99448
99486
99506
100015
100106
100301
100393
100773
100820
100974
101117
101536
101702
101707
102278
102315
102620
102811
103004
103142
103229
103534
103601
104009
104230
104650
104809
104933
105130
105457
105805
105890
106543
106910
108040
108525
108544
108580
108982
109387
110043
110090
110967
111167
112095
112292
112673
112739
113075
113214
113278
113900
114225
114660
114682
114969
115307
115613
115802
115814
116574
116575
116649
117095
117804
117831
117912
118154
119012
119747
120171
121082
121789
